28 
26 
27 
39 
27 
27 
27 
26 
26 
28 
25 
25 
27 
28 
27 
28 
27 
27 
28 
27 
28 
99 
27 
34 
28 
28 
37 
26 
25 
26 
25 
26 
27 
27 
34 
26 
34 
25 
26 
31 
27 
28 
40 
26 
28 
28 
28 
26 
27 
28 
28 
27 
28 
27 
28 
41 
25 
27 
27 
26 
29 
27 
26 
26 
27 
30 
24 
29 
36 
27 
27 
26 
30 
58 
27 
27 
26 
25 
46 
50 
72 
94 
114 
113 
27
27
28
26
28
26
27
29
31
28
25
31
25
26
26
26
24
27
27
24
27
30
26
27
29
33
26
28
26
25
28
27
28
26
26
26
28
29
27
25
26
30
27
27
36
29
28
26
27
27
37
28
25
25
25
27
26
28
27
36
28
27
25
25
29
26
27
25
30
28
27
26
27
27
29
27
25
31
26
26
32
26
26
33
25
35
27
29
31
27
26
25
35
25
30
26
28
43
27
25
30
27
25
27
26
28
31
34
26
26
119 
29
29
30
29
31
27
34
27
25
27
46
27
26
26
32
32
26
25
29
26
27
27
32
43
28
30
26
29
26
26
27
27
26
26
28
33
27
27
33
26
27
34
41
27
25
25
26
29
28
27
28
27
33
26
24
25
29
27
26
30
25
25
99
26
25
28
27
26
27
26
30
26
27
26
24
36
28
27
26
29
34
26
27
27
25
26
25
26
27
26
27
26
28
25
37
28
25
27
25
28
38
25
27
43
27
26
32
26
26
35
26
25
29
35
26
26
36
27
26
38
99
99
86
28
43
29
27
31
26
26
27
27
25
27
27
27
27
25
26
26
38
27
31
26
27
26
26
27
26
28
26
36
25
26
26
27
28
24
27
28
40
24
28
27
26
28
26
27
25
27
27
25
27
28
27
28
27
54
79
25
27
44
27
29
27
28
27
27
25
26
26
25
27
26
27
29
25
25
25
34
29
26
27
28
27
27
25
27
32
27
28
27
27
28
26
28
26
32
26
28
29
26
26
27
25
28
26
26
28
27
32
26
26
39
29
27
26
29
49
77
40
26
29
26
26
27
30
27
26
25
27
27
26
27
25
26
36
26
26
28
27
29
26
27
25
27
24
29
26
34
26
34
25
25
26
30
28
26
37
26
27
24
27
28
27
33
27
29
28
28
26
26
27
27
25
27
26
27
29
27
106 
103 
126 
27
26
26
27
26
26
25
27
27
26
27
26
25
28
26
26
34
32
26
26
26
28
31
27
27
27
32
26
26
31
31
29
26
27
27
26
26
36
28
32
25
26
41
26
26
26
102 
28 
49 
73 
93 
116 
25
39
27
26
27
28
26
27
28
26
28
26
27
26
26
27
24
27
27
26
26
25
26
26
27
26
30
28
26
36
26
26
27
29
25
27
27
27
26
27
27
26
26
26
27
27
32
27
25
28
26
26
26
26
42
25
28
26
27
29
44
66
90
27
26
28
26
27
26
27
29
26
35
25
25
27
27
32
26
31
26
24
26
27
27
28
28
26
28
26
29
26
26
27
25
28
27
30
26
27
38
26
35
28
25
26
34
27
35
27
27
28
26
27
35
28
27
32 
56 
28 
29 
170 
26
26
30
27
28
28
25
26
29
28
28
25
28
26
26
30
27
30
27
28
27
28
26
26
27
27
27
26
27
27
28
25
27
27
27
32
27
27
27
29
28
34
27
33
29
30
27
25
30
28
28
107 
30 
116 
30
28
26
26
26
25
27
25
26
28
25
27
24
27
44
27
25
26
30
31
29
26
26
26
27
27
25
26
28
26
27
30
27
26
29
25
28
28
26
26
26
28
25
25
25
26
28
27
26
25
26
30
27
206 
28
28
29
27
28
57
43
27
28
27
34
26
25
25
25
28
37
32
60
26
109 
41
27
27
28
26
26
26
27
27
25
27
85
26
38
26
29
28
43
25
25
27
30
28
27
28
27
27
27
27
29
26
26
26
27
29
27
31
27
27
28
26
27
27
25
35
87
37
26
30
50
27
66
47
167 
26 
26 
26 
223 
26 
26 
30 
26 
26 
206 
26
26
28
29
27
25
201 
30 
27
25
26
29
27
25
28
26
27
28
26
27
27
28
28
27
25
27
26
28
239 
31
28
97
41
64
86
27
25
25
27
26
31
26
28
35
28
25
48
32
27
29
26
26
29
28
25
25
27
27
28
27
29
28
30
26
25
26
27
26
27
27
26
27
26
26
27
35
27
26
27
27
28
27
27
27
29
25
36
87
26
44
28
27
28
33
26
25
26
27
25
36
25
27
26
32
26
25
37
29
118 
27
26
27
27
27
28
25
28
28
26
27
27
35
28
25
48
32
27
29
26
26
29
28
25
25
27
